30.000000 -32.000000 10.000000 100.000000 100.000000 0.000000 WALL_X FFFFFFFF 0
30.000000 -32.000000 10.000000 100.000000 100.000000 0.000000 WALL_Z FFFFFFFF 1
30.000000 -32.000000 110.000000 100.000000 100.000000 -1.570796 WALL_X FFFFFFFF 0
130.000000 -32.000000 10.000000 100.000000 100.000000 0.000000 WALL_X FFFFFFFF 1
340.000000 -32.000000 230.000000 100.000000 100.000000 0.000000 WALL_X FFFFFFFF 0
340.000000 -32.000000 230.000000 100.000000 100.000000 0.000000 WALL_Z FFFFFFFF 1
340.000000 -32.000000 330.000000 100.000000 100.000000 0.000000 WALL_Z FFFFFFFF 0
440.000000 -32.000000 230.000000 100.000000 100.000000 0.000000 WALL_X FFFFFFFF 1
70.000000 -5.000000 170.000000 80.000000 50.000000 -1.570796 WALL_X FFCC4A4A 1
70.000000 -5.000000 240.000000 106.301537 50.000000 -2.289628 WALL_X FFCC4A4A 0
70.000000 -5.000000 170.000000 69.556343 50.000000 -0.004797 WALL_X FFCC4A4A 0
